actual_encoded,predicted_encoded,actual_label,predicted_label
2,2,sit,sit
3,3,std,std
2,2,sit,sit
2,2,sit,sit
5,5,wlk,wlk
5,5,wlk,wlk
5,5,wlk,wlk
2,2,sit,sit
2,2,sit,sit
2,2,sit,sit
2,2,sit,sit
2,2,sit,sit
5,5,wlk,wlk
5,5,wlk,wlk
5,5,wlk,wlk
2,2,sit,sit
2,2,sit,sit
5,5,wlk,wlk
5,5,wlk,wlk
1,1,jog,jog
5,5,wlk,wlk
5,5,wlk,wlk
2,2,sit,sit
5,5,wlk,wlk
3,3,std,std
5,5,wlk,wlk
3,3,std,std
3,3,std,std
4,4,ups,ups
5,5,wlk,wlk
3,3,std,std
2,2,sit,sit
0,0,dws,dws
3,3,std,std
2,2,sit,sit
2,2,sit,sit
4,4,ups,ups
1,1,jog,jog
5,5,wlk,wlk
3,3,std,std
3,3,std,std
0,0,dws,dws
3,2,std,sit
5,0,wlk,dws
2,2,sit,sit
5,5,wlk,wlk
3,3,std,std
2,2,sit,sit
5,5,wlk,wlk
5,5,wlk,wlk
2,2,sit,sit
2,3,sit,std
2,2,sit,sit
3,3,std,std
3,3,std,std
5,5,wlk,wlk
2,2,sit,sit
5,5,wlk,wlk
2,2,sit,sit
1,1,jog,jog
5,5,wlk,wlk
5,5,wlk,wlk
3,3,std,std
1,1,jog,jog
0,0,dws,dws
5,5,wlk,wlk
1,1,jog,jog
3,3,std,std
4,4,ups,ups
1,1,jog,jog
5,5,wlk,wlk
2,2,sit,sit
5,5,wlk,wlk
5,5,wlk,wlk
2,3,sit,std
2,2,sit,sit
0,0,dws,dws
2,2,sit,sit
1,1,jog,jog
4,4,ups,ups
5,5,wlk,wlk
5,5,wlk,wlk
2,2,sit,sit
0,0,dws,dws
1,1,jog,jog
4,4,ups,ups
5,5,wlk,wlk
3,3,std,std
2,2,sit,sit
2,2,sit,sit
1,1,jog,jog
1,0,jog,dws
5,5,wlk,wlk
4,4,ups,ups
3,3,std,std
2,2,sit,sit
3,3,std,std
5,5,wlk,wlk
3,3,std,std
2,2,sit,sit
2,3,sit,std
2,2,sit,sit
0,0,dws,dws
4,4,ups,ups
0,0,dws,dws
3,3,std,std
2,2,sit,sit
1,1,jog,jog
5,5,wlk,wlk
5,5,wlk,wlk
3,3,std,std
2,2,sit,sit
3,3,std,std
3,2,std,sit
3,3,std,std
3,3,std,std
2,2,sit,sit
5,5,wlk,wlk
1,1,jog,jog
1,1,jog,jog
4,4,ups,ups
5,5,wlk,wlk
2,2,sit,sit
3,3,std,std
0,0,dws,dws
2,2,sit,sit
1,1,jog,jog
2,2,sit,sit
2,2,sit,sit
2,3,sit,std
5,5,wlk,wlk
5,5,wlk,wlk
2,2,sit,sit
3,3,std,std
3,3,std,std
5,5,wlk,wlk
5,5,wlk,wlk
2,2,sit,sit
4,4,ups,ups
0,0,dws,dws
5,5,wlk,wlk
2,2,sit,sit
1,1,jog,jog
3,3,std,std
5,5,wlk,wlk
3,3,std,std
1,1,jog,jog
3,2,std,sit
5,5,wlk,wlk
4,4,ups,ups
0,5,dws,wlk
1,1,jog,jog
2,2,sit,sit
5,5,wlk,wlk
0,0,dws,dws
2,2,sit,sit
3,3,std,std
2,2,sit,sit
5,5,wlk,wlk
2,2,sit,sit
5,5,wlk,wlk
4,5,ups,wlk
3,3,std,std
2,2,sit,sit
4,4,ups,ups
3,3,std,std
5,5,wlk,wlk
5,5,wlk,wlk
2,2,sit,sit
0,0,dws,dws
2,2,sit,sit
3,3,std,std
3,2,std,sit
2,2,sit,sit
1,1,jog,jog
2,2,sit,sit
5,5,wlk,wlk
5,5,wlk,wlk
3,3,std,std
5,5,wlk,wlk
5,5,wlk,wlk
0,0,dws,dws
3,3,std,std
5,5,wlk,wlk
2,2,sit,sit
5,5,wlk,wlk
1,1,jog,jog
2,3,sit,std
1,1,jog,jog
3,3,std,std
5,5,wlk,wlk
2,2,sit,sit
2,2,sit,sit
2,2,sit,sit
5,5,wlk,wlk
2,2,sit,sit
1,1,jog,jog
5,5,wlk,wlk
2,2,sit,sit
0,0,dws,dws
2,2,sit,sit
5,5,wlk,wlk
3,3,std,std
0,0,dws,dws
3,3,std,std
3,3,std,std
2,2,sit,sit
4,4,ups,ups
3,3,std,std
3,3,std,std
1,1,jog,jog
5,5,wlk,wlk
0,0,dws,dws
0,0,dws,dws
2,2,sit,sit
4,1,ups,jog
1,1,jog,jog
0,0,dws,dws
5,5,wlk,wlk
5,5,wlk,wlk
2,2,sit,sit
2,3,sit,std
2,2,sit,sit
5,5,wlk,wlk
4,4,ups,ups
2,2,sit,sit
3,3,std,std
5,5,wlk,wlk
5,5,wlk,wlk
2,2,sit,sit
0,0,dws,dws
3,3,std,std
5,5,wlk,wlk
1,1,jog,jog
2,2,sit,sit
5,5,wlk,wlk
1,1,jog,jog
5,5,wlk,wlk
1,1,jog,jog
2,2,sit,sit
3,3,std,std
3,3,std,std
1,1,jog,jog
5,5,wlk,wlk
5,5,wlk,wlk
3,3,std,std
4,5,ups,wlk
3,3,std,std
3,3,std,std
1,1,jog,jog
4,4,ups,ups
5,5,wlk,wlk
5,5,wlk,wlk
2,2,sit,sit
2,2,sit,sit
2,2,sit,sit
1,1,jog,jog
3,3,std,std
3,3,std,std
3,3,std,std
5,5,wlk,wlk
1,1,jog,jog
3,3,std,std
2,2,sit,sit
1,1,jog,jog
4,4,ups,ups
3,3,std,std
4,4,ups,ups
1,1,jog,jog
2,2,sit,sit
2,2,sit,sit
3,3,std,std
4,4,ups,ups
2,2,sit,sit
2,2,sit,sit
2,2,sit,sit
2,2,sit,sit
3,3,std,std
5,5,wlk,wlk
3,3,std,std
5,5,wlk,wlk
4,0,ups,dws
2,2,sit,sit
0,0,dws,dws
3,3,std,std
5,5,wlk,wlk
2,2,sit,sit
4,4,ups,ups
4,5,ups,wlk
1,1,jog,jog
2,2,sit,sit
2,2,sit,sit
0,0,dws,dws
5,0,wlk,dws
2,2,sit,sit
5,5,wlk,wlk
2,3,sit,std
0,0,dws,dws
0,0,dws,dws
5,5,wlk,wlk
3,3,std,std
4,4,ups,ups
2,2,sit,sit
3,3,std,std
0,4,dws,ups
3,3,std,std
2,3,sit,std
2,2,sit,sit
0,0,dws,dws
3,3,std,std
3,3,std,std
4,4,ups,ups
5,5,wlk,wlk
3,3,std,std
3,3,std,std
2,2,sit,sit
3,3,std,std
2,2,sit,sit
4,4,ups,ups
2,2,sit,sit
2,3,sit,std
2,2,sit,sit
4,5,ups,wlk
1,1,jog,jog
3,2,std,sit
3,3,std,std
1,1,jog,jog
2,2,sit,sit
3,3,std,std
5,5,wlk,wlk
5,5,wlk,wlk
5,5,wlk,wlk
2,2,sit,sit
4,4,ups,ups
2,2,sit,sit
3,3,std,std
0,0,dws,dws
0,0,dws,dws
3,3,std,std
3,3,std,std
5,5,wlk,wlk
5,5,wlk,wlk
1,1,jog,jog
2,2,sit,sit
5,5,wlk,wlk
2,2,sit,sit
3,3,std,std
2,2,sit,sit
3,3,std,std
4,4,ups,ups
4,4,ups,ups
5,5,wlk,wlk
1,4,jog,ups
1,1,jog,jog
4,4,ups,ups
4,4,ups,ups
2,2,sit,sit
3,3,std,std
1,1,jog,jog
5,5,wlk,wlk
5,5,wlk,wlk
3,3,std,std
4,4,ups,ups
2,2,sit,sit
4,4,ups,ups
0,0,dws,dws
0,0,dws,dws
2,2,sit,sit
5,5,wlk,wlk
4,4,ups,ups
5,5,wlk,wlk
5,5,wlk,wlk
2,2,sit,sit
1,1,jog,jog
1,1,jog,jog
3,3,std,std
3,5,std,wlk
2,2,sit,sit
3,3,std,std
4,4,ups,ups
4,4,ups,ups
3,2,std,sit
5,5,wlk,wlk
0,0,dws,dws
5,5,wlk,wlk
2,2,sit,sit
0,0,dws,dws
5,0,wlk,dws
1,1,jog,jog
5,5,wlk,wlk
2,2,sit,sit
2,2,sit,sit
3,3,std,std
2,2,sit,sit
3,3,std,std
5,5,wlk,wlk
2,2,sit,sit
5,5,wlk,wlk
2,2,sit,sit
4,4,ups,ups
3,3,std,std
3,3,std,std
2,2,sit,sit
0,0,dws,dws
0,0,dws,dws
2,2,sit,sit
5,5,wlk,wlk
5,5,wlk,wlk
3,3,std,std
5,5,wlk,wlk
2,2,sit,sit
0,0,dws,dws
3,3,std,std
3,3,std,std
5,5,wlk,wlk
3,2,std,sit
4,4,ups,ups
2,2,sit,sit
1,1,jog,jog
3,3,std,std
3,3,std,std
3,3,std,std
4,4,ups,ups
3,3,std,std
3,2,std,sit
5,5,wlk,wlk
5,5,wlk,wlk
2,2,sit,sit
4,4,ups,ups
5,5,wlk,wlk
5,5,wlk,wlk
2,2,sit,sit
2,2,sit,sit
2,2,sit,sit
1,1,jog,jog
5,5,wlk,wlk
1,1,jog,jog
1,1,jog,jog
5,5,wlk,wlk
1,1,jog,jog
2,2,sit,sit
2,2,sit,sit
2,2,sit,sit
5,5,wlk,wlk
5,5,wlk,wlk
2,2,sit,sit
5,5,wlk,wlk
5,5,wlk,wlk
4,4,ups,ups
1,1,jog,jog
4,4,ups,ups
1,1,jog,jog
1,1,jog,jog
3,3,std,std
1,1,jog,jog
4,4,ups,ups
0,0,dws,dws
5,5,wlk,wlk
1,1,jog,jog
0,0,dws,dws
3,2,std,sit
5,5,wlk,wlk
2,2,sit,sit
4,4,ups,ups
4,4,ups,ups
2,2,sit,sit
4,4,ups,ups
2,3,sit,std
1,1,jog,jog
5,5,wlk,wlk
3,3,std,std
4,4,ups,ups
2,2,sit,sit
1,1,jog,jog
0,0,dws,dws
3,3,std,std
3,3,std,std
4,4,ups,ups
5,5,wlk,wlk
5,5,wlk,wlk
1,1,jog,jog
2,2,sit,sit
5,5,wlk,wlk
4,4,ups,ups
3,3,std,std
1,1,jog,jog
2,2,sit,sit
5,5,wlk,wlk
2,2,sit,sit
2,2,sit,sit
1,1,jog,jog
5,0,wlk,dws
2,2,sit,sit
1,1,jog,jog
5,5,wlk,wlk
2,2,sit,sit
1,1,jog,jog
4,4,ups,ups
5,5,wlk,wlk
3,3,std,std
5,5,wlk,wlk
4,4,ups,ups
3,3,std,std
1,1,jog,jog
3,3,std,std
3,3,std,std
2,2,sit,sit
4,4,ups,ups
1,1,jog,jog
5,5,wlk,wlk
2,3,sit,std
3,3,std,std
5,5,wlk,wlk
3,3,std,std
3,3,std,std
1,1,jog,jog
4,4,ups,ups
3,3,std,std
5,5,wlk,wlk
5,5,wlk,wlk
2,2,sit,sit
5,5,wlk,wlk
3,3,std,std
2,2,sit,sit
4,4,ups,ups
2,2,sit,sit
2,3,sit,std
3,3,std,std
5,5,wlk,wlk
4,0,ups,dws
0,0,dws,dws
2,2,sit,sit
3,0,std,dws
3,2,std,sit
4,4,ups,ups
5,5,wlk,wlk
1,1,jog,jog
1,1,jog,jog
1,1,jog,jog
4,4,ups,ups
2,2,sit,sit
5,5,wlk,wlk
2,2,sit,sit
1,1,jog,jog
2,2,sit,sit
2,2,sit,sit
5,5,wlk,wlk
3,3,std,std
4,4,ups,ups
2,2,sit,sit
0,0,dws,dws
5,5,wlk,wlk
2,2,sit,sit
3,3,std,std
3,3,std,std
2,2,sit,sit
5,5,wlk,wlk
4,4,ups,ups
5,5,wlk,wlk
0,0,dws,dws
4,4,ups,ups
4,4,ups,ups
3,3,std,std
3,3,std,std
2,3,sit,std
2,2,sit,sit
4,4,ups,ups
3,2,std,sit
1,1,jog,jog
5,5,wlk,wlk
0,4,dws,ups
3,3,std,std
2,2,sit,sit
3,3,std,std
4,0,ups,dws
5,5,wlk,wlk
2,2,sit,sit
2,2,sit,sit
5,4,wlk,ups
5,5,wlk,wlk
1,1,jog,jog
2,2,sit,sit
3,3,std,std
0,0,dws,dws
2,2,sit,sit
1,1,jog,jog
2,2,sit,sit
5,5,wlk,wlk
2,2,sit,sit
4,5,ups,wlk
0,0,dws,dws
5,5,wlk,wlk
2,2,sit,sit
4,4,ups,ups
2,2,sit,sit
5,0,wlk,dws
4,4,ups,ups
2,2,sit,sit
3,3,std,std
4,4,ups,ups
3,3,std,std
3,3,std,std
3,3,std,std
5,5,wlk,wlk
3,3,std,std
0,0,dws,dws
5,5,wlk,wlk
1,1,jog,jog
0,0,dws,dws
3,3,std,std
1,1,jog,jog
5,5,wlk,wlk
2,2,sit,sit
2,2,sit,sit
5,5,wlk,wlk
3,3,std,std
5,5,wlk,wlk
2,2,sit,sit
3,3,std,std
0,0,dws,dws
2,2,sit,sit
2,2,sit,sit
2,2,sit,sit
3,2,std,sit
5,5,wlk,wlk
3,3,std,std
5,5,wlk,wlk
2,2,sit,sit
4,4,ups,ups
5,5,wlk,wlk
2,2,sit,sit
3,3,std,std
3,3,std,std
5,5,wlk,wlk
5,5,wlk,wlk
3,3,std,std
2,2,sit,sit
2,2,sit,sit
1,1,jog,jog
3,3,std,std
5,5,wlk,wlk
3,3,std,std
3,3,std,std
4,4,ups,ups
5,5,wlk,wlk
5,5,wlk,wlk
3,3,std,std
5,5,wlk,wlk
2,3,sit,std
2,2,sit,sit
2,2,sit,sit
4,4,ups,ups
5,5,wlk,wlk
3,3,std,std
2,2,sit,sit
2,2,sit,sit
3,3,std,std
3,3,std,std
0,0,dws,dws
2,3,sit,std
2,2,sit,sit
1,1,jog,jog
5,5,wlk,wlk
4,4,ups,ups
1,1,jog,jog
1,1,jog,jog
5,5,wlk,wlk
2,2,sit,sit
3,3,std,std
5,5,wlk,wlk
2,2,sit,sit
2,2,sit,sit
3,3,std,std
5,5,wlk,wlk
2,2,sit,sit
3,3,std,std
1,1,jog,jog
2,2,sit,sit
0,0,dws,dws
1,1,jog,jog
1,1,jog,jog
2,2,sit,sit
2,2,sit,sit
5,5,wlk,wlk
2,2,sit,sit
3,2,std,sit
2,2,sit,sit
2,2,sit,sit
2,2,sit,sit
2,2,sit,sit
0,0,dws,dws
2,3,sit,std
5,5,wlk,wlk
2,2,sit,sit
3,3,std,std
5,5,wlk,wlk
3,3,std,std
0,0,dws,dws
5,5,wlk,wlk
2,2,sit,sit
3,3,std,std
0,0,dws,dws
2,2,sit,sit
5,4,wlk,ups
0,0,dws,dws
2,2,sit,sit
5,5,wlk,wlk
2,2,sit,sit
3,3,std,std
0,0,dws,dws
5,5,wlk,wlk
5,5,wlk,wlk
1,1,jog,jog
4,0,ups,dws
5,5,wlk,wlk
5,5,wlk,wlk
2,2,sit,sit
0,0,dws,dws
0,0,dws,dws
4,0,ups,dws
4,5,ups,wlk
2,2,sit,sit
2,2,sit,sit
3,3,std,std
2,2,sit,sit
3,3,std,std
2,2,sit,sit
4,4,ups,ups
5,5,wlk,wlk
3,3,std,std
3,3,std,std
2,2,sit,sit
0,0,dws,dws
4,4,ups,ups
5,5,wlk,wlk
4,4,ups,ups
4,4,ups,ups
0,0,dws,dws
1,1,jog,jog
4,4,ups,ups
5,5,wlk,wlk
3,3,std,std
2,2,sit,sit
4,4,ups,ups
1,1,jog,jog
3,3,std,std
3,3,std,std
5,5,wlk,wlk
3,3,std,std
5,5,wlk,wlk
4,0,ups,dws
4,4,ups,ups
3,3,std,std
5,3,wlk,std
1,1,jog,jog
2,3,sit,std
3,3,std,std
1,1,jog,jog
0,0,dws,dws
1,1,jog,jog
1,1,jog,jog
1,1,jog,jog
2,2,sit,sit
2,3,sit,std
3,3,std,std
4,4,ups,ups
0,0,dws,dws
1,1,jog,jog
5,5,wlk,wlk
2,2,sit,sit
5,5,wlk,wlk
4,0,ups,dws
2,2,sit,sit
5,5,wlk,wlk
2,2,sit,sit
2,2,sit,sit
2,2,sit,sit
2,2,sit,sit
5,5,wlk,wlk
0,0,dws,dws
0,0,dws,dws
4,4,ups,ups
2,2,sit,sit
2,3,sit,std
5,5,wlk,wlk
5,5,wlk,wlk
2,3,sit,std
5,5,wlk,wlk
4,4,ups,ups
5,5,wlk,wlk
5,4,wlk,ups
3,3,std,std
1,1,jog,jog
5,5,wlk,wlk
5,4,wlk,ups
2,2,sit,sit
2,2,sit,sit
2,2,sit,sit
2,2,sit,sit
5,5,wlk,wlk
3,3,std,std
5,5,wlk,wlk
3,3,std,std
2,3,sit,std
2,2,sit,sit
2,2,sit,sit
5,5,wlk,wlk
3,3,std,std
1,1,jog,jog
5,5,wlk,wlk
5,5,wlk,wlk
2,3,sit,std
2,2,sit,sit
4,4,ups,ups
3,3,std,std
3,3,std,std
3,3,std,std
5,5,wlk,wlk
3,3,std,std
2,3,sit,std
4,1,ups,jog
3,3,std,std
0,0,dws,dws
3,3,std,std
3,3,std,std
5,5,wlk,wlk
4,4,ups,ups
4,5,ups,wlk
5,5,wlk,wlk
1,1,jog,jog
0,0,dws,dws
3,2,std,sit
5,5,wlk,wlk
1,1,jog,jog
4,4,ups,ups
2,2,sit,sit
2,2,sit,sit
5,5,wlk,wlk
3,3,std,std
2,2,sit,sit
5,5,wlk,wlk
1,1,jog,jog
5,5,wlk,wlk
2,2,sit,sit
1,1,jog,jog
1,1,jog,jog
3,2,std,sit
5,5,wlk,wlk
3,3,std,std
5,5,wlk,wlk
4,4,ups,ups
5,5,wlk,wlk
5,5,wlk,wlk
4,4,ups,ups
3,3,std,std
4,4,ups,ups
2,2,sit,sit
1,1,jog,jog
5,5,wlk,wlk
2,2,sit,sit
5,5,wlk,wlk
1,1,jog,jog
2,2,sit,sit
5,5,wlk,wlk
5,5,wlk,wlk
5,5,wlk,wlk
2,2,sit,sit
5,5,wlk,wlk
2,2,sit,sit
5,5,wlk,wlk
1,1,jog,jog
3,3,std,std
0,5,dws,wlk
5,5,wlk,wlk
3,3,std,std
2,2,sit,sit
1,1,jog,jog
3,3,std,std
3,3,std,std
2,2,sit,sit
3,3,std,std
5,5,wlk,wlk
3,3,std,std
4,4,ups,ups
5,5,wlk,wlk
0,0,dws,dws
5,5,wlk,wlk
5,5,wlk,wlk
3,3,std,std
2,2,sit,sit
3,3,std,std
5,5,wlk,wlk
2,2,sit,sit
0,0,dws,dws
2,2,sit,sit
2,2,sit,sit
5,5,wlk,wlk
1,1,jog,jog
3,3,std,std
3,3,std,std
4,4,ups,ups
5,5,wlk,wlk
3,3,std,std
5,5,wlk,wlk
3,3,std,std
5,5,wlk,wlk
1,1,jog,jog
4,5,ups,wlk
3,3,std,std
5,5,wlk,wlk
4,4,ups,ups
2,2,sit,sit
2,2,sit,sit
3,3,std,std
2,2,sit,sit
3,3,std,std
3,3,std,std
5,5,wlk,wlk
3,3,std,std
5,5,wlk,wlk
2,2,sit,sit
5,5,wlk,wlk
5,5,wlk,wlk
5,5,wlk,wlk
3,3,std,std
0,4,dws,ups
4,4,ups,ups
3,3,std,std
5,5,wlk,wlk
4,4,ups,ups
5,5,wlk,wlk
2,2,sit,sit
0,0,dws,dws
3,2,std,sit
5,5,wlk,wlk
3,3,std,std
3,3,std,std
1,1,jog,jog
3,3,std,std
3,3,std,std
5,5,wlk,wlk
5,5,wlk,wlk
2,2,sit,sit
2,2,sit,sit
5,5,wlk,wlk
0,4,dws,ups
4,4,ups,ups
3,3,std,std
3,3,std,std
1,1,jog,jog
1,1,jog,jog
0,0,dws,dws
2,2,sit,sit
3,3,std,std
3,3,std,std
4,4,ups,ups
5,5,wlk,wlk
3,3,std,std
0,0,dws,dws
2,2,sit,sit
2,2,sit,sit
4,0,ups,dws
5,5,wlk,wlk
5,5,wlk,wlk
3,3,std,std
5,5,wlk,wlk
3,3,std,std
5,5,wlk,wlk
4,4,ups,ups
5,5,wlk,wlk
3,3,std,std
2,2,sit,sit
4,4,ups,ups
4,4,ups,ups
2,2,sit,sit
5,5,wlk,wlk
2,2,sit,sit
3,3,std,std
1,1,jog,jog
5,5,wlk,wlk
2,2,sit,sit
0,0,dws,dws
1,1,jog,jog
1,1,jog,jog
5,5,wlk,wlk
2,2,sit,sit
5,4,wlk,ups
5,5,wlk,wlk
3,3,std,std
2,2,sit,sit
4,4,ups,ups
5,5,wlk,wlk
5,5,wlk,wlk
5,5,wlk,wlk
5,5,wlk,wlk
3,3,std,std
5,5,wlk,wlk
2,2,sit,sit
2,2,sit,sit
2,2,sit,sit
2,2,sit,sit
3,3,std,std
1,1,jog,jog
2,2,sit,sit
3,3,std,std
3,3,std,std
5,5,wlk,wlk
5,5,wlk,wlk
2,2,sit,sit
1,1,jog,jog
2,2,sit,sit
2,2,sit,sit
5,5,wlk,wlk
3,3,std,std
4,4,ups,ups
5,5,wlk,wlk
2,2,sit,sit
4,4,ups,ups
5,5,wlk,wlk
2,2,sit,sit
0,0,dws,dws
5,5,wlk,wlk
5,5,wlk,wlk
1,1,jog,jog
1,1,jog,jog
4,0,ups,dws
3,3,std,std
3,3,std,std
5,5,wlk,wlk
0,0,dws,dws
2,2,sit,sit
1,1,jog,jog
5,5,wlk,wlk
0,0,dws,dws
2,2,sit,sit
3,3,std,std
3,3,std,std
5,4,wlk,ups
5,5,wlk,wlk
0,0,dws,dws
3,3,std,std
1,1,jog,jog
2,2,sit,sit
2,2,sit,sit
2,2,sit,sit
3,3,std,std
2,2,sit,sit
0,0,dws,dws
2,2,sit,sit
2,2,sit,sit
0,5,dws,wlk
2,2,sit,sit
5,5,wlk,wlk
4,4,ups,ups
2,2,sit,sit
2,2,sit,sit
5,5,wlk,wlk
5,5,wlk,wlk
2,3,sit,std
0,0,dws,dws
5,5,wlk,wlk
1,1,jog,jog
0,0,dws,dws
3,3,std,std
0,0,dws,dws
2,2,sit,sit
1,1,jog,jog
4,4,ups,ups
3,3,std,std
3,3,std,std
3,3,std,std
2,2,sit,sit
4,4,ups,ups
5,5,wlk,wlk
3,3,std,std
3,2,std,sit
2,2,sit,sit
3,3,std,std
5,5,wlk,wlk
1,1,jog,jog
5,5,wlk,wlk
2,2,sit,sit
1,1,jog,jog
0,0,dws,dws
1,1,jog,jog
3,3,std,std
0,0,dws,dws
5,5,wlk,wlk
0,0,dws,dws
5,5,wlk,wlk
0,4,dws,ups
5,5,wlk,wlk
4,4,ups,ups
4,4,ups,ups
1,1,jog,jog
3,3,std,std
2,2,sit,sit
3,3,std,std
3,2,std,sit
3,3,std,std
3,3,std,std
4,4,ups,ups
5,5,wlk,wlk
5,5,wlk,wlk
3,3,std,std
5,5,wlk,wlk
2,2,sit,sit
5,5,wlk,wlk
0,0,dws,dws
2,2,sit,sit
3,3,std,std
3,2,std,sit
5,5,wlk,wlk
4,4,ups,ups
2,2,sit,sit
3,3,std,std
3,3,std,std
5,5,wlk,wlk
3,3,std,std
5,5,wlk,wlk
1,1,jog,jog
3,3,std,std
3,3,std,std
1,1,jog,jog
3,3,std,std
4,4,ups,ups
3,3,std,std
3,3,std,std
4,4,ups,ups
1,1,jog,jog
3,3,std,std
3,3,std,std
5,5,wlk,wlk
2,3,sit,std
3,3,std,std
0,0,dws,dws
2,2,sit,sit
5,5,wlk,wlk
4,4,ups,ups
5,5,wlk,wlk
2,2,sit,sit
5,5,wlk,wlk
2,2,sit,sit
2,2,sit,sit
2,3,sit,std
0,0,dws,dws
5,5,wlk,wlk
5,5,wlk,wlk
4,4,ups,ups
3,2,std,sit
1,1,jog,jog
4,4,ups,ups
3,3,std,std
3,3,std,std
2,2,sit,sit
3,3,std,std
0,5,dws,wlk
5,5,wlk,wlk
5,5,wlk,wlk
3,3,std,std
0,0,dws,dws
3,2,std,sit
5,5,wlk,wlk
1,1,jog,jog
5,5,wlk,wlk
2,2,sit,sit
1,1,jog,jog
5,5,wlk,wlk
3,3,std,std
5,5,wlk,wlk
3,3,std,std
2,2,sit,sit
5,5,wlk,wlk
3,3,std,std
0,0,dws,dws
1,1,jog,jog
0,0,dws,dws
2,2,sit,sit
2,2,sit,sit
4,4,ups,ups
4,4,ups,ups
1,1,jog,jog
3,3,std,std
3,3,std,std
1,1,jog,jog
1,1,jog,jog
3,3,std,std
4,4,ups,ups
1,1,jog,jog
5,5,wlk,wlk
3,3,std,std
2,2,sit,sit
5,5,wlk,wlk
5,5,wlk,wlk
4,4,ups,ups
3,3,std,std
5,5,wlk,wlk
1,1,jog,jog
4,4,ups,ups
1,1,jog,jog
2,2,sit,sit
5,5,wlk,wlk
2,2,sit,sit
2,2,sit,sit
3,3,std,std
3,3,std,std
5,5,wlk,wlk
5,5,wlk,wlk
3,3,std,std
5,5,wlk,wlk
5,5,wlk,wlk
3,3,std,std
4,4,ups,ups
5,5,wlk,wlk
5,5,wlk,wlk
5,5,wlk,wlk
5,5,wlk,wlk
5,5,wlk,wlk
3,3,std,std
2,2,sit,sit
4,5,ups,wlk
3,3,std,std
4,4,ups,ups
3,3,std,std
3,3,std,std
2,2,sit,sit
3,3,std,std
5,5,wlk,wlk
5,5,wlk,wlk
4,4,ups,ups
0,0,dws,dws
3,2,std,sit
2,2,sit,sit
4,4,ups,ups
2,2,sit,sit
5,5,wlk,wlk
0,0,dws,dws
3,3,std,std
1,1,jog,jog
3,3,std,std
4,4,ups,ups
3,3,std,std
0,0,dws,dws
5,5,wlk,wlk
3,3,std,std
1,1,jog,jog
2,2,sit,sit
0,0,dws,dws
5,5,wlk,wlk
4,4,ups,ups
2,2,sit,sit
2,2,sit,sit
1,1,jog,jog
2,2,sit,sit
5,5,wlk,wlk
2,2,sit,sit
2,2,sit,sit
5,5,wlk,wlk
5,5,wlk,wlk
2,2,sit,sit
2,2,sit,sit
1,1,jog,jog
2,2,sit,sit
2,2,sit,sit
5,5,wlk,wlk
2,2,sit,sit
3,3,std,std
5,5,wlk,wlk
5,5,wlk,wlk
4,4,ups,ups
2,2,sit,sit
2,3,sit,std
5,5,wlk,wlk
2,2,sit,sit
2,2,sit,sit
3,2,std,sit
2,2,sit,sit
2,2,sit,sit
5,5,wlk,wlk
3,3,std,std
5,5,wlk,wlk
5,5,wlk,wlk
2,2,sit,sit
2,2,sit,sit
2,3,sit,std
3,3,std,std
5,5,wlk,wlk
4,4,ups,ups
5,5,wlk,wlk
2,2,sit,sit
2,2,sit,sit
5,5,wlk,wlk
4,4,ups,ups
0,0,dws,dws
4,4,ups,ups
2,2,sit,sit
0,0,dws,dws
5,5,wlk,wlk
5,5,wlk,wlk
5,5,wlk,wlk
2,2,sit,sit
0,5,dws,wlk
3,3,std,std
2,2,sit,sit
3,3,std,std
0,0,dws,dws
3,3,std,std
3,3,std,std
5,5,wlk,wlk
3,3,std,std
3,3,std,std
5,5,wlk,wlk
3,3,std,std
2,2,sit,sit
1,1,jog,jog
2,2,sit,sit
2,2,sit,sit
5,5,wlk,wlk
5,5,wlk,wlk
3,3,std,std
3,3,std,std
1,1,jog,jog
2,2,sit,sit
0,0,dws,dws
2,2,sit,sit
5,5,wlk,wlk
2,5,sit,wlk
1,1,jog,jog
2,2,sit,sit
3,3,std,std
5,5,wlk,wlk
4,0,ups,dws
5,5,wlk,wlk
5,5,wlk,wlk
3,3,std,std
2,2,sit,sit
4,0,ups,dws
1,1,jog,jog
4,4,ups,ups
2,2,sit,sit
5,5,wlk,wlk
5,5,wlk,wlk
5,5,wlk,wlk
5,0,wlk,dws
3,3,std,std
2,2,sit,sit
2,2,sit,sit
5,5,wlk,wlk
3,3,std,std
1,1,jog,jog
1,1,jog,jog
1,1,jog,jog
5,5,wlk,wlk
0,0,dws,dws
0,0,dws,dws
3,3,std,std
1,1,jog,jog
5,5,wlk,wlk
3,3,std,std
3,3,std,std
5,5,wlk,wlk
2,2,sit,sit
5,5,wlk,wlk
3,3,std,std
2,2,sit,sit
2,2,sit,sit
5,5,wlk,wlk
4,4,ups,ups
1,1,jog,jog
5,5,wlk,wlk
3,3,std,std
1,1,jog,jog
3,3,std,std
2,2,sit,sit
3,3,std,std
4,4,ups,ups
2,2,sit,sit
4,0,ups,dws
5,5,wlk,wlk
2,0,sit,dws
2,2,sit,sit
2,2,sit,sit
2,2,sit,sit
3,2,std,sit
5,5,wlk,wlk
5,5,wlk,wlk
2,2,sit,sit
3,3,std,std
5,5,wlk,wlk
3,3,std,std
3,3,std,std
2,2,sit,sit
2,3,sit,std
2,2,sit,sit
0,0,dws,dws
4,4,ups,ups
3,3,std,std
3,3,std,std
5,5,wlk,wlk
5,5,wlk,wlk
5,5,wlk,wlk
5,5,wlk,wlk
0,0,dws,dws
3,3,std,std
5,5,wlk,wlk
2,2,sit,sit
5,5,wlk,wlk
2,2,sit,sit
1,1,jog,jog
2,2,sit,sit
3,3,std,std
5,5,wlk,wlk
5,5,wlk,wlk
5,5,wlk,wlk
3,3,std,std
4,4,ups,ups
0,0,dws,dws
2,2,sit,sit
3,3,std,std
2,2,sit,sit
4,4,ups,ups
0,0,dws,dws
5,5,wlk,wlk
1,1,jog,jog
4,4,ups,ups
2,2,sit,sit
5,5,wlk,wlk
3,3,std,std
5,5,wlk,wlk
5,5,wlk,wlk
3,3,std,std
5,5,wlk,wlk
3,3,std,std
4,4,ups,ups
4,4,ups,ups
2,2,sit,sit
3,3,std,std
2,2,sit,sit
2,2,sit,sit
4,0,ups,dws
5,5,wlk,wlk
4,4,ups,ups
1,1,jog,jog
0,0,dws,dws
2,2,sit,sit
3,3,std,std
3,3,std,std
3,3,std,std
2,2,sit,sit
2,2,sit,sit
5,5,wlk,wlk
5,5,wlk,wlk
1,1,jog,jog
3,2,std,sit
4,4,ups,ups
1,1,jog,jog
2,3,sit,std
5,5,wlk,wlk
2,2,sit,sit
3,3,std,std
2,2,sit,sit
4,4,ups,ups
5,5,wlk,wlk
2,2,sit,sit
0,0,dws,dws
2,2,sit,sit
1,1,jog,jog
5,5,wlk,wlk
5,5,wlk,wlk
5,5,wlk,wlk
5,5,wlk,wlk
2,2,sit,sit
2,2,sit,sit
3,2,std,sit
1,1,jog,jog
3,3,std,std
3,2,std,sit
2,2,sit,sit
5,5,wlk,wlk
5,5,wlk,wlk
2,2,sit,sit
0,4,dws,ups
4,4,ups,ups
2,2,sit,sit
5,5,wlk,wlk
3,3,std,std
5,5,wlk,wlk
3,3,std,std
2,3,sit,std
1,1,jog,jog
2,2,sit,sit
2,3,sit,std
4,0,ups,dws
3,3,std,std
2,2,sit,sit
1,1,jog,jog
2,2,sit,sit
3,3,std,std
0,0,dws,dws
3,3,std,std
0,0,dws,dws
2,2,sit,sit
1,1,jog,jog
5,5,wlk,wlk
5,5,wlk,wlk
5,5,wlk,wlk
2,2,sit,sit
5,5,wlk,wlk
4,4,ups,ups
2,2,sit,sit
2,2,sit,sit
1,1,jog,jog
1,1,jog,jog
3,3,std,std
4,4,ups,ups
2,2,sit,sit
3,2,std,sit
5,5,wlk,wlk
2,2,sit,sit
0,0,dws,dws
3,3,std,std
4,0,ups,dws
2,2,sit,sit
2,2,sit,sit
5,5,wlk,wlk
4,4,ups,ups
0,0,dws,dws
2,2,sit,sit
5,5,wlk,wlk
2,3,sit,std
3,3,std,std
3,2,std,sit
2,2,sit,sit
3,2,std,sit
2,2,sit,sit
4,0,ups,dws
0,0,dws,dws
3,3,std,std
5,5,wlk,wlk
1,1,jog,jog
0,0,dws,dws
5,5,wlk,wlk
0,0,dws,dws
2,2,sit,sit
0,0,dws,dws
2,2,sit,sit
2,2,sit,sit
5,5,wlk,wlk
5,5,wlk,wlk
1,1,jog,jog
5,5,wlk,wlk
5,5,wlk,wlk
2,2,sit,sit
4,4,ups,ups
5,5,wlk,wlk
2,3,sit,std
4,4,ups,ups
2,2,sit,sit
2,2,sit,sit
2,2,sit,sit
2,2,sit,sit
0,0,dws,dws
5,5,wlk,wlk
2,2,sit,sit
0,0,dws,dws
0,0,dws,dws
2,2,sit,sit
5,5,wlk,wlk
3,3,std,std
4,4,ups,ups
4,4,ups,ups
2,2,sit,sit
2,2,sit,sit
1,1,jog,jog
4,0,ups,dws
5,5,wlk,wlk
3,3,std,std
4,4,ups,ups
3,3,std,std
2,2,sit,sit
4,4,ups,ups
2,2,sit,sit
1,1,jog,jog
3,3,std,std
1,4,jog,ups
0,0,dws,dws
0,4,dws,ups
3,3,std,std
1,1,jog,jog
1,1,jog,jog
1,1,jog,jog
3,3,std,std
2,2,sit,sit
1,1,jog,jog
3,3,std,std
5,5,wlk,wlk
3,3,std,std
3,3,std,std
0,0,dws,dws
5,5,wlk,wlk
3,3,std,std
2,2,sit,sit
0,0,dws,dws
5,5,wlk,wlk
0,0,dws,dws
3,3,std,std
0,5,dws,wlk
3,3,std,std
4,4,ups,ups
5,5,wlk,wlk
5,5,wlk,wlk
5,5,wlk,wlk
5,5,wlk,wlk
4,4,ups,ups
2,2,sit,sit
2,2,sit,sit
3,3,std,std
3,3,std,std
0,0,dws,dws
0,0,dws,dws
5,5,wlk,wlk
3,3,std,std
3,3,std,std
0,0,dws,dws
1,1,jog,jog
5,4,wlk,ups
4,4,ups,ups
2,2,sit,sit
5,5,wlk,wlk
5,0,wlk,dws
3,3,std,std
5,5,wlk,wlk
5,0,wlk,dws
0,0,dws,dws
5,5,wlk,wlk
5,5,wlk,wlk
2,2,sit,sit
0,0,dws,dws
2,2,sit,sit
5,5,wlk,wlk
2,2,sit,sit
3,3,std,std
5,5,wlk,wlk
1,1,jog,jog
3,3,std,std
5,5,wlk,wlk
4,4,ups,ups
5,5,wlk,wlk
2,2,sit,sit
3,3,std,std
2,2,sit,sit
3,3,std,std
5,5,wlk,wlk
3,3,std,std
5,5,wlk,wlk
2,2,sit,sit
5,5,wlk,wlk
5,5,wlk,wlk
2,2,sit,sit
5,5,wlk,wlk
5,5,wlk,wlk
5,5,wlk,wlk
3,3,std,std
3,3,std,std
0,0,dws,dws
2,2,sit,sit
3,3,std,std
2,2,sit,sit
3,3,std,std
2,2,sit,sit
3,3,std,std
1,1,jog,jog
5,5,wlk,wlk
1,1,jog,jog
3,3,std,std
3,3,std,std
3,3,std,std
5,5,wlk,wlk
5,5,wlk,wlk
2,2,sit,sit
5,5,wlk,wlk
2,2,sit,sit
3,3,std,std
0,0,dws,dws
4,4,ups,ups
5,5,wlk,wlk
3,3,std,std
0,4,dws,ups
2,2,sit,sit
2,2,sit,sit
5,5,wlk,wlk
3,3,std,std
3,3,std,std
2,2,sit,sit
1,1,jog,jog
3,3,std,std
5,5,wlk,wlk
2,2,sit,sit
3,3,std,std
5,5,wlk,wlk
2,2,sit,sit
2,2,sit,sit
5,5,wlk,wlk
5,5,wlk,wlk
1,1,jog,jog
3,3,std,std
2,2,sit,sit
2,2,sit,sit
1,1,jog,jog
5,5,wlk,wlk
5,5,wlk,wlk
2,2,sit,sit
3,3,std,std
0,4,dws,ups
2,2,sit,sit
5,5,wlk,wlk
2,2,sit,sit
3,3,std,std
2,2,sit,sit
2,2,sit,sit
5,5,wlk,wlk
5,5,wlk,wlk
5,5,wlk,wlk
5,5,wlk,wlk
3,3,std,std
3,3,std,std
0,0,dws,dws
5,5,wlk,wlk
5,5,wlk,wlk
3,3,std,std
5,5,wlk,wlk
2,2,sit,sit
3,3,std,std
3,3,std,std
5,5,wlk,wlk
4,4,ups,ups
3,3,std,std
5,5,wlk,wlk
5,5,wlk,wlk
0,0,dws,dws
5,5,wlk,wlk
4,4,ups,ups
5,5,wlk,wlk
1,1,jog,jog
5,5,wlk,wlk
2,2,sit,sit
2,2,sit,sit
0,0,dws,dws
0,0,dws,dws
3,3,std,std
2,2,sit,sit
0,4,dws,ups
3,3,std,std
4,4,ups,ups
5,5,wlk,wlk
2,2,sit,sit
4,4,ups,ups
1,1,jog,jog
3,3,std,std
2,2,sit,sit
5,5,wlk,wlk
3,3,std,std
3,3,std,std
5,5,wlk,wlk
0,0,dws,dws
3,3,std,std
4,4,ups,ups
1,1,jog,jog
0,0,dws,dws
3,3,std,std
2,3,sit,std
2,2,sit,sit
2,2,sit,sit
2,2,sit,sit
2,2,sit,sit
3,3,std,std
3,2,std,sit
1,1,jog,jog
3,3,std,std
3,3,std,std
3,3,std,std
3,3,std,std
5,5,wlk,wlk
1,1,jog,jog
2,2,sit,sit
0,0,dws,dws
1,1,jog,jog
2,3,sit,std
4,4,ups,ups
3,3,std,std
2,2,sit,sit
2,2,sit,sit
2,2,sit,sit
2,2,sit,sit
4,4,ups,ups
2,2,sit,sit
3,3,std,std
4,0,ups,dws
2,2,sit,sit
0,0,dws,dws
2,2,sit,sit
3,3,std,std
3,3,std,std
2,2,sit,sit
2,2,sit,sit
3,3,std,std
1,1,jog,jog
5,5,wlk,wlk
3,3,std,std
2,2,sit,sit
3,3,std,std
5,5,wlk,wlk
2,2,sit,sit
4,4,ups,ups
3,3,std,std
3,3,std,std
3,3,std,std
1,1,jog,jog
2,2,sit,sit
5,5,wlk,wlk
1,1,jog,jog
4,4,ups,ups
5,5,wlk,wlk
1,1,jog,jog
2,2,sit,sit
5,5,wlk,wlk
2,2,sit,sit
5,5,wlk,wlk
3,3,std,std
3,2,std,sit
3,3,std,std
2,2,sit,sit
2,2,sit,sit
5,4,wlk,ups
2,2,sit,sit
3,3,std,std
3,3,std,std
2,2,sit,sit
2,2,sit,sit
2,3,sit,std
0,0,dws,dws
3,3,std,std
5,5,wlk,wlk
2,2,sit,sit
5,5,wlk,wlk
3,3,std,std
2,2,sit,sit
3,3,std,std
2,2,sit,sit
4,4,ups,ups
0,4,dws,ups
3,3,std,std
5,5,wlk,wlk
1,1,jog,jog
2,2,sit,sit
3,3,std,std
3,3,std,std
0,0,dws,dws
5,5,wlk,wlk
1,1,jog,jog
3,3,std,std
1,1,jog,jog
5,5,wlk,wlk
3,3,std,std
3,3,std,std
5,5,wlk,wlk
3,3,std,std
0,0,dws,dws
5,5,wlk,wlk
1,1,jog,jog
5,5,wlk,wlk
2,2,sit,sit
5,5,wlk,wlk
1,1,jog,jog
4,4,ups,ups
1,1,jog,jog
2,2,sit,sit
4,4,ups,ups
3,3,std,std
2,2,sit,sit
1,1,jog,jog
3,3,std,std
3,3,std,std
0,0,dws,dws
4,4,ups,ups
3,2,std,sit
3,2,std,sit
3,3,std,std
2,2,sit,sit
3,3,std,std
1,1,jog,jog
4,4,ups,ups
5,5,wlk,wlk
3,3,std,std
3,3,std,std
4,4,ups,ups
2,2,sit,sit
2,2,sit,sit
1,1,jog,jog
5,5,wlk,wlk
1,1,jog,jog
2,2,sit,sit
2,2,sit,sit
0,0,dws,dws
0,0,dws,dws
3,3,std,std
4,4,ups,ups
3,3,std,std
3,3,std,std
3,2,std,sit
2,2,sit,sit
0,0,dws,dws
5,5,wlk,wlk
5,5,wlk,wlk
5,5,wlk,wlk
0,0,dws,dws
3,3,std,std
2,2,sit,sit
3,3,std,std
3,3,std,std
0,0,dws,dws
2,2,sit,sit
5,5,wlk,wlk
3,3,std,std
5,5,wlk,wlk
2,2,sit,sit
5,5,wlk,wlk
2,2,sit,sit
2,2,sit,sit
2,2,sit,sit
3,3,std,std
5,5,wlk,wlk
5,5,wlk,wlk
2,2,sit,sit
5,5,wlk,wlk
0,0,dws,dws
1,1,jog,jog
2,2,sit,sit
4,4,ups,ups
5,5,wlk,wlk
2,2,sit,sit
2,2,sit,sit
5,5,wlk,wlk
5,5,wlk,wlk
5,5,wlk,wlk
5,5,wlk,wlk
1,1,jog,jog
0,0,dws,dws
1,1,jog,jog
2,2,sit,sit
0,0,dws,dws
5,5,wlk,wlk
2,2,sit,sit
2,2,sit,sit
4,4,ups,ups
0,0,dws,dws
5,5,wlk,wlk
3,3,std,std
4,4,ups,ups
1,1,jog,jog
2,2,sit,sit
5,5,wlk,wlk
4,4,ups,ups
2,2,sit,sit
4,4,ups,ups
2,2,sit,sit
3,3,std,std
5,5,wlk,wlk
5,5,wlk,wlk
5,5,wlk,wlk
2,2,sit,sit
2,2,sit,sit
5,5,wlk,wlk
2,2,sit,sit
3,3,std,std
2,2,sit,sit
2,2,sit,sit
0,0,dws,dws
1,1,jog,jog
1,1,jog,jog
2,2,sit,sit
1,1,jog,jog
4,4,ups,ups
1,1,jog,jog
5,5,wlk,wlk
4,4,ups,ups
5,0,wlk,dws
5,5,wlk,wlk
4,5,ups,wlk
2,2,sit,sit
2,2,sit,sit
2,2,sit,sit
3,3,std,std
4,5,ups,wlk
2,2,sit,sit
3,3,std,std
2,2,sit,sit
3,3,std,std
4,4,ups,ups
3,3,std,std
3,3,std,std
3,3,std,std
1,1,jog,jog
0,0,dws,dws
5,5,wlk,wlk
5,4,wlk,ups
3,3,std,std
3,3,std,std
2,2,sit,sit
2,2,sit,sit
2,2,sit,sit
5,5,wlk,wlk
0,0,dws,dws
4,4,ups,ups
0,0,dws,dws
5,5,wlk,wlk
3,3,std,std
2,2,sit,sit
2,2,sit,sit
1,1,jog,jog
3,2,std,sit
5,5,wlk,wlk
2,2,sit,sit
2,2,sit,sit
2,2,sit,sit
4,0,ups,dws
4,4,ups,ups
3,3,std,std
2,2,sit,sit
5,5,wlk,wlk
5,5,wlk,wlk
4,4,ups,ups
5,5,wlk,wlk
3,3,std,std
0,0,dws,dws
5,5,wlk,wlk
3,3,std,std
3,3,std,std
0,0,dws,dws
3,3,std,std
2,2,sit,sit
5,5,wlk,wlk
5,5,wlk,wlk
5,5,wlk,wlk
4,4,ups,ups
5,5,wlk,wlk
5,5,wlk,wlk
2,2,sit,sit
3,3,std,std
3,3,std,std
2,2,sit,sit
3,3,std,std
3,3,std,std
2,2,sit,sit
3,3,std,std
1,1,jog,jog
5,5,wlk,wlk
5,5,wlk,wlk
1,0,jog,dws
5,5,wlk,wlk
1,1,jog,jog
3,3,std,std
0,0,dws,dws
5,5,wlk,wlk
2,2,sit,sit
2,2,sit,sit
5,5,wlk,wlk
3,3,std,std
3,3,std,std
0,5,dws,wlk
2,2,sit,sit
4,4,ups,ups
0,0,dws,dws
3,3,std,std
2,2,sit,sit
2,2,sit,sit
5,5,wlk,wlk
5,5,wlk,wlk
1,1,jog,jog
1,1,jog,jog
0,0,dws,dws
3,3,std,std
3,3,std,std
5,5,wlk,wlk
5,5,wlk,wlk
3,3,std,std
3,3,std,std
4,4,ups,ups
5,5,wlk,wlk
3,3,std,std
5,5,wlk,wlk
5,5,wlk,wlk
3,3,std,std
4,4,ups,ups
2,2,sit,sit
4,4,ups,ups
2,2,sit,sit
3,3,std,std
1,0,jog,dws
2,2,sit,sit
4,4,ups,ups
0,0,dws,dws
2,2,sit,sit
3,3,std,std
5,5,wlk,wlk
3,3,std,std
5,5,wlk,wlk
4,4,ups,ups
2,2,sit,sit
5,5,wlk,wlk
5,5,wlk,wlk
1,1,jog,jog
2,2,sit,sit
2,2,sit,sit
4,4,ups,ups
5,5,wlk,wlk
0,0,dws,dws
3,3,std,std
5,5,wlk,wlk
4,5,ups,wlk
2,2,sit,sit
3,3,std,std
4,4,ups,ups
2,2,sit,sit
4,4,ups,ups
0,0,dws,dws
0,0,dws,dws
3,3,std,std
2,2,sit,sit
3,3,std,std
2,2,sit,sit
0,5,dws,wlk
2,2,sit,sit
3,3,std,std
1,1,jog,jog
3,3,std,std
5,5,wlk,wlk
1,1,jog,jog
3,3,std,std
2,2,sit,sit
2,2,sit,sit
3,3,std,std
5,5,wlk,wlk
5,5,wlk,wlk
2,2,sit,sit
1,1,jog,jog
5,5,wlk,wlk
5,5,wlk,wlk
2,2,sit,sit
1,1,jog,jog
1,1,jog,jog
5,5,wlk,wlk
0,0,dws,dws
5,5,wlk,wlk
3,3,std,std
0,0,dws,dws
1,1,jog,jog
1,1,jog,jog
2,2,sit,sit
5,5,wlk,wlk
3,3,std,std
4,4,ups,ups
4,4,ups,ups
1,1,jog,jog
5,5,wlk,wlk
0,4,dws,ups
0,0,dws,dws
1,1,jog,jog
2,2,sit,sit
3,3,std,std
5,5,wlk,wlk
1,1,jog,jog
5,5,wlk,wlk
3,3,std,std
4,4,ups,ups
5,5,wlk,wlk
2,2,sit,sit
3,3,std,std
2,2,sit,sit
2,2,sit,sit
4,0,ups,dws
5,5,wlk,wlk
2,2,sit,sit
5,5,wlk,wlk
2,2,sit,sit
3,3,std,std
5,5,wlk,wlk
1,1,jog,jog
5,5,wlk,wlk
4,4,ups,ups
0,0,dws,dws
2,2,sit,sit
5,5,wlk,wlk
5,5,wlk,wlk
2,2,sit,sit
1,1,jog,jog
2,2,sit,sit
4,4,ups,ups
1,1,jog,jog
4,4,ups,ups
2,2,sit,sit
1,1,jog,jog
3,3,std,std
3,3,std,std
5,5,wlk,wlk
1,0,jog,dws
2,2,sit,sit
1,1,jog,jog
5,0,wlk,dws
1,1,jog,jog
2,2,sit,sit
1,1,jog,jog
5,5,wlk,wlk
5,5,wlk,wlk
3,3,std,std
3,3,std,std
5,5,wlk,wlk
1,1,jog,jog
2,2,sit,sit
2,3,sit,std
5,5,wlk,wlk
2,2,sit,sit
5,5,wlk,wlk
4,4,ups,ups
5,5,wlk,wlk
1,1,jog,jog
2,2,sit,sit
3,3,std,std
1,1,jog,jog
0,4,dws,ups
2,2,sit,sit
3,3,std,std
4,4,ups,ups
5,5,wlk,wlk
3,3,std,std
2,2,sit,sit
3,3,std,std
3,3,std,std
3,3,std,std
0,0,dws,dws
3,3,std,std
5,5,wlk,wlk
0,0,dws,dws
2,2,sit,sit
3,3,std,std
0,0,dws,dws
0,4,dws,ups
1,1,jog,jog
2,2,sit,sit
2,2,sit,sit
3,3,std,std
2,2,sit,sit
2,2,sit,sit
4,4,ups,ups
5,5,wlk,wlk
3,3,std,std
2,2,sit,sit
5,5,wlk,wlk
2,2,sit,sit
2,2,sit,sit
1,1,jog,jog
2,2,sit,sit
5,5,wlk,wlk
0,0,dws,dws
3,2,std,sit
0,0,dws,dws
2,2,sit,sit
4,4,ups,ups
4,4,ups,ups
2,2,sit,sit
4,4,ups,ups
2,2,sit,sit
2,2,sit,sit
5,5,wlk,wlk
2,2,sit,sit
4,5,ups,wlk
2,2,sit,sit
0,0,dws,dws
3,3,std,std
5,5,wlk,wlk
4,4,ups,ups
0,0,dws,dws
4,4,ups,ups
4,0,ups,dws
5,5,wlk,wlk
5,5,wlk,wlk
2,2,sit,sit
2,2,sit,sit
5,5,wlk,wlk
3,3,std,std
3,3,std,std
0,0,dws,dws
5,5,wlk,wlk
2,2,sit,sit
4,4,ups,ups
3,3,std,std
5,5,wlk,wlk
3,3,std,std
0,5,dws,wlk
2,2,sit,sit
5,5,wlk,wlk
2,2,sit,sit
5,5,wlk,wlk
0,0,dws,dws
2,2,sit,sit
2,2,sit,sit
0,0,dws,dws
2,2,sit,sit
5,5,wlk,wlk
5,5,wlk,wlk
5,5,wlk,wlk
3,3,std,std
5,5,wlk,wlk
5,5,wlk,wlk
5,5,wlk,wlk
3,3,std,std
1,1,jog,jog
1,1,jog,jog
0,0,dws,dws
0,0,dws,dws
2,3,sit,std
5,5,wlk,wlk
3,3,std,std
3,2,std,sit
2,2,sit,sit
2,2,sit,sit
3,3,std,std
3,3,std,std
5,5,wlk,wlk
4,4,ups,ups
5,5,wlk,wlk
1,1,jog,jog
5,5,wlk,wlk
4,4,ups,ups
3,3,std,std
5,5,wlk,wlk
2,2,sit,sit
2,2,sit,sit
4,5,ups,wlk
5,5,wlk,wlk
1,1,jog,jog
2,2,sit,sit
2,2,sit,sit
2,3,sit,std
2,2,sit,sit
4,0,ups,dws
1,1,jog,jog
3,3,std,std
3,3,std,std
2,2,sit,sit
5,5,wlk,wlk
0,0,dws,dws
3,3,std,std
5,5,wlk,wlk
3,3,std,std
5,5,wlk,wlk
3,3,std,std
4,4,ups,ups
3,3,std,std
2,2,sit,sit
4,4,ups,ups
2,2,sit,sit
5,5,wlk,wlk
5,5,wlk,wlk
0,0,dws,dws
2,2,sit,sit
3,3,std,std
3,3,std,std
0,0,dws,dws
4,5,ups,wlk
2,2,sit,sit
1,1,jog,jog
3,3,std,std
3,3,std,std
3,2,std,sit
5,5,wlk,wlk
3,3,std,std
4,4,ups,ups
2,2,sit,sit
5,5,wlk,wlk
2,2,sit,sit
4,0,ups,dws
3,3,std,std
4,4,ups,ups
4,1,ups,jog
4,4,ups,ups
4,4,ups,ups
5,5,wlk,wlk
5,5,wlk,wlk
3,3,std,std
0,0,dws,dws
3,3,std,std
3,3,std,std
5,5,wlk,wlk
4,4,ups,ups
5,5,wlk,wlk
2,2,sit,sit
5,5,wlk,wlk
0,0,dws,dws
1,1,jog,jog
4,0,ups,dws
1,1,jog,jog
2,2,sit,sit
5,5,wlk,wlk
0,0,dws,dws
5,5,wlk,wlk
5,4,wlk,ups
3,3,std,std
5,5,wlk,wlk
5,5,wlk,wlk
2,2,sit,sit
3,3,std,std
5,5,wlk,wlk
4,5,ups,wlk
1,1,jog,jog
5,5,wlk,wlk
1,1,jog,jog
3,3,std,std
3,3,std,std
3,3,std,std
2,2,sit,sit
3,3,std,std
0,0,dws,dws
2,2,sit,sit
4,4,ups,ups
3,3,std,std
3,3,std,std
5,5,wlk,wlk
4,4,ups,ups
3,3,std,std
4,4,ups,ups
2,2,sit,sit
2,2,sit,sit
0,0,dws,dws
2,2,sit,sit
5,5,wlk,wlk
5,5,wlk,wlk
1,1,jog,jog
5,5,wlk,wlk
2,2,sit,sit
2,3,sit,std
3,3,std,std
4,0,ups,dws
5,5,wlk,wlk
3,3,std,std
2,2,sit,sit
2,2,sit,sit
4,4,ups,ups
3,3,std,std
4,4,ups,ups
5,5,wlk,wlk
5,5,wlk,wlk
5,0,wlk,dws
4,4,ups,ups
1,1,jog,jog
2,2,sit,sit
0,0,dws,dws
2,2,sit,sit
0,0,dws,dws
2,2,sit,sit
2,2,sit,sit
2,2,sit,sit
2,2,sit,sit
4,4,ups,ups
5,5,wlk,wlk
0,0,dws,dws
5,5,wlk,wlk
0,0,dws,dws
4,4,ups,ups
5,5,wlk,wlk
3,3,std,std
2,2,sit,sit
3,3,std,std
5,5,wlk,wlk
5,5,wlk,wlk
5,5,wlk,wlk
5,5,wlk,wlk
2,2,sit,sit
3,3,std,std
3,3,std,std
3,3,std,std
4,4,ups,ups
5,5,wlk,wlk
5,0,wlk,dws
2,2,sit,sit
3,3,std,std
4,4,ups,ups
3,3,std,std
5,5,wlk,wlk
3,3,std,std
1,1,jog,jog
5,5,wlk,wlk
2,2,sit,sit
3,3,std,std
5,4,wlk,ups
0,5,dws,wlk
4,4,ups,ups
5,5,wlk,wlk
2,2,sit,sit
3,3,std,std
0,0,dws,dws
4,4,ups,ups
1,1,jog,jog
2,2,sit,sit
0,0,dws,dws
1,1,jog,jog
2,2,sit,sit
3,3,std,std
5,5,wlk,wlk
4,4,ups,ups
3,3,std,std
3,3,std,std
3,3,std,std
2,2,sit,sit
1,1,jog,jog
2,2,sit,sit
5,5,wlk,wlk
2,2,sit,sit
3,3,std,std
3,3,std,std
2,2,sit,sit
5,5,wlk,wlk
2,2,sit,sit
4,4,ups,ups
5,5,wlk,wlk
2,2,sit,sit
2,2,sit,sit
5,5,wlk,wlk
3,3,std,std
5,5,wlk,wlk
3,3,std,std
3,3,std,std
3,3,std,std
3,3,std,std
2,2,sit,sit
5,5,wlk,wlk
3,3,std,std
0,0,dws,dws
2,2,sit,sit
3,3,std,std
2,2,sit,sit
2,2,sit,sit
4,4,ups,ups
2,2,sit,sit
1,1,jog,jog
2,2,sit,sit
5,5,wlk,wlk
2,2,sit,sit
2,2,sit,sit
5,5,wlk,wlk
1,1,jog,jog
1,1,jog,jog
2,2,sit,sit
0,0,dws,dws
3,3,std,std
4,4,ups,ups
3,3,std,std
2,2,sit,sit
3,3,std,std
1,1,jog,jog
2,2,sit,sit
2,2,sit,sit
3,2,std,sit
5,5,wlk,wlk
3,2,std,sit
3,3,std,std
4,0,ups,dws
2,2,sit,sit
2,2,sit,sit
3,3,std,std
1,1,jog,jog
3,3,std,std
5,5,wlk,wlk
0,0,dws,dws
1,1,jog,jog
2,3,sit,std
4,4,ups,ups
2,2,sit,sit
0,0,dws,dws
2,2,sit,sit
3,3,std,std
2,2,sit,sit
3,3,std,std
3,3,std,std
5,5,wlk,wlk
2,2,sit,sit
3,3,std,std
0,0,dws,dws
4,4,ups,ups
3,3,std,std
5,5,wlk,wlk
3,3,std,std
2,2,sit,sit
5,5,wlk,wlk
1,1,jog,jog
4,4,ups,ups
2,2,sit,sit
2,2,sit,sit
2,2,sit,sit
0,0,dws,dws
5,5,wlk,wlk
5,5,wlk,wlk
5,5,wlk,wlk
2,2,sit,sit
3,3,std,std
5,5,wlk,wlk
0,0,dws,dws
2,2,sit,sit
0,0,dws,dws
2,2,sit,sit
2,2,sit,sit
3,3,std,std
2,2,sit,sit
2,2,sit,sit
2,2,sit,sit
4,1,ups,jog
0,0,dws,dws
5,5,wlk,wlk
2,2,sit,sit
2,2,sit,sit
3,3,std,std
0,0,dws,dws
0,0,dws,dws
5,5,wlk,wlk
0,0,dws,dws
3,3,std,std
2,2,sit,sit
0,0,dws,dws
5,5,wlk,wlk
5,5,wlk,wlk
2,2,sit,sit
3,3,std,std
5,4,wlk,ups
2,2,sit,sit
5,5,wlk,wlk
5,5,wlk,wlk
2,2,sit,sit
1,1,jog,jog
0,0,dws,dws
5,5,wlk,wlk
2,2,sit,sit
2,3,sit,std
5,5,wlk,wlk
1,1,jog,jog
3,3,std,std
3,3,std,std
4,0,ups,dws
3,3,std,std
4,4,ups,ups
0,5,dws,wlk
1,1,jog,jog
5,5,wlk,wlk
3,3,std,std
3,3,std,std
5,5,wlk,wlk
3,3,std,std
5,5,wlk,wlk
3,3,std,std
2,2,sit,sit
5,5,wlk,wlk
1,1,jog,jog
3,3,std,std
2,2,sit,sit
0,0,dws,dws
5,5,wlk,wlk
3,3,std,std
5,5,wlk,wlk
2,2,sit,sit
3,3,std,std
3,3,std,std
2,2,sit,sit
3,3,std,std
2,2,sit,sit
3,3,std,std
0,0,dws,dws
5,5,wlk,wlk
4,4,ups,ups
1,1,jog,jog
3,3,std,std
0,0,dws,dws
4,4,ups,ups
5,5,wlk,wlk
2,2,sit,sit
3,3,std,std
3,3,std,std
5,5,wlk,wlk
2,2,sit,sit
4,0,ups,dws
2,2,sit,sit
5,4,wlk,ups
2,2,sit,sit
4,4,ups,ups
3,3,std,std
2,2,sit,sit
3,3,std,std
2,2,sit,sit
2,2,sit,sit
0,0,dws,dws
3,3,std,std
0,0,dws,dws
4,4,ups,ups
5,5,wlk,wlk
5,5,wlk,wlk
2,2,sit,sit
5,5,wlk,wlk
3,3,std,std
4,4,ups,ups
2,2,sit,sit
4,4,ups,ups
0,0,dws,dws
5,5,wlk,wlk
3,3,std,std
4,4,ups,ups
3,3,std,std
3,3,std,std
2,2,sit,sit
3,3,std,std
3,3,std,std
3,3,std,std
2,2,sit,sit
0,0,dws,dws
3,3,std,std
1,1,jog,jog
3,3,std,std
3,3,std,std
3,3,std,std
4,4,ups,ups
3,3,std,std
2,2,sit,sit
0,0,dws,dws
0,0,dws,dws
4,4,ups,ups
3,3,std,std
1,1,jog,jog
4,4,ups,ups
4,4,ups,ups
5,5,wlk,wlk
2,2,sit,sit
5,5,wlk,wlk
3,3,std,std
3,3,std,std
2,2,sit,sit
3,3,std,std
5,5,wlk,wlk
2,3,sit,std
3,3,std,std
3,3,std,std
5,5,wlk,wlk
5,5,wlk,wlk
5,5,wlk,wlk
0,0,dws,dws
5,5,wlk,wlk
2,2,sit,sit
3,3,std,std
4,4,ups,ups
0,0,dws,dws
4,4,ups,ups
3,3,std,std
2,3,sit,std
0,5,dws,wlk
0,0,dws,dws
3,3,std,std
5,5,wlk,wlk
3,3,std,std
5,5,wlk,wlk
5,5,wlk,wlk
3,2,std,sit
2,2,sit,sit
0,4,dws,ups
2,2,sit,sit
3,3,std,std
2,2,sit,sit
2,2,sit,sit
0,0,dws,dws
3,3,std,std
5,5,wlk,wlk
2,2,sit,sit
4,4,ups,ups
4,4,ups,ups
5,5,wlk,wlk
1,1,jog,jog
0,0,dws,dws
2,2,sit,sit
5,5,wlk,wlk
3,3,std,std
5,5,wlk,wlk
0,0,dws,dws
2,2,sit,sit
1,1,jog,jog
2,2,sit,sit
0,0,dws,dws
3,3,std,std
2,2,sit,sit
5,5,wlk,wlk
5,5,wlk,wlk
3,3,std,std
5,5,wlk,wlk
5,5,wlk,wlk
0,0,dws,dws
4,4,ups,ups
0,0,dws,dws
3,2,std,sit
2,2,sit,sit
5,5,wlk,wlk
4,4,ups,ups
0,0,dws,dws
4,4,ups,ups
2,2,sit,sit
5,5,wlk,wlk
2,2,sit,sit
3,3,std,std
5,5,wlk,wlk
5,5,wlk,wlk
4,4,ups,ups
2,2,sit,sit
2,2,sit,sit
3,3,std,std
3,3,std,std
3,3,std,std
3,3,std,std
2,2,sit,sit
1,1,jog,jog
4,4,ups,ups
3,3,std,std
5,5,wlk,wlk
2,2,sit,sit
1,1,jog,jog
2,2,sit,sit
4,5,ups,wlk
2,2,sit,sit
5,5,wlk,wlk
3,3,std,std
2,2,sit,sit
4,4,ups,ups
2,2,sit,sit
5,5,wlk,wlk
5,5,wlk,wlk
2,2,sit,sit
5,4,wlk,ups
5,5,wlk,wlk
0,5,dws,wlk
2,2,sit,sit
5,5,wlk,wlk
4,4,ups,ups
5,5,wlk,wlk
3,3,std,std
1,1,jog,jog
3,3,std,std
3,3,std,std
5,5,wlk,wlk
0,0,dws,dws
2,2,sit,sit
1,1,jog,jog
3,3,std,std
2,2,sit,sit
3,3,std,std
5,5,wlk,wlk
4,4,ups,ups
5,5,wlk,wlk
3,3,std,std
2,2,sit,sit
3,3,std,std
5,5,wlk,wlk
2,2,sit,sit
4,4,ups,ups
3,3,std,std
2,2,sit,sit
2,2,sit,sit
1,1,jog,jog
0,0,dws,dws
5,5,wlk,wlk
2,2,sit,sit
3,3,std,std
3,3,std,std
2,2,sit,sit
1,1,jog,jog
5,5,wlk,wlk
5,5,wlk,wlk
2,2,sit,sit
4,4,ups,ups
5,5,wlk,wlk
5,5,wlk,wlk
2,2,sit,sit
3,3,std,std
3,3,std,std
1,1,jog,jog
5,5,wlk,wlk
0,4,dws,ups
5,5,wlk,wlk
3,3,std,std
3,3,std,std
4,4,ups,ups
2,2,sit,sit
3,3,std,std
1,1,jog,jog
2,2,sit,sit
5,5,wlk,wlk
3,2,std,sit
4,4,ups,ups
3,3,std,std
1,1,jog,jog
2,2,sit,sit
2,2,sit,sit
5,5,wlk,wlk
1,1,jog,jog
2,2,sit,sit
1,1,jog,jog
3,3,std,std
3,3,std,std
3,3,std,std
4,5,ups,wlk
2,2,sit,sit
5,5,wlk,wlk
2,2,sit,sit
3,3,std,std
5,5,wlk,wlk
2,2,sit,sit
2,2,sit,sit
2,3,sit,std
4,4,ups,ups
5,5,wlk,wlk
2,2,sit,sit
5,5,wlk,wlk
0,0,dws,dws
3,3,std,std
5,5,wlk,wlk
4,4,ups,ups
3,3,std,std
3,3,std,std
1,1,jog,jog
2,2,sit,sit
3,3,std,std
1,1,jog,jog
4,4,ups,ups
2,2,sit,sit
5,5,wlk,wlk
3,3,std,std
5,5,wlk,wlk
5,5,wlk,wlk
4,4,ups,ups
2,2,sit,sit
2,2,sit,sit
5,5,wlk,wlk
2,2,sit,sit
2,2,sit,sit
4,0,ups,dws
5,5,wlk,wlk
3,3,std,std
2,2,sit,sit
1,1,jog,jog
2,2,sit,sit
0,0,dws,dws
5,5,wlk,wlk
1,1,jog,jog
4,4,ups,ups
3,3,std,std
3,3,std,std
5,5,wlk,wlk
3,3,std,std
5,5,wlk,wlk
0,0,dws,dws
3,3,std,std
0,4,dws,ups
2,2,sit,sit
4,4,ups,ups
0,0,dws,dws
4,0,ups,dws
3,3,std,std
1,1,jog,jog
2,2,sit,sit
3,3,std,std
1,1,jog,jog
3,3,std,std
5,5,wlk,wlk
3,3,std,std
5,5,wlk,wlk
3,3,std,std
0,4,dws,ups
3,3,std,std
2,2,sit,sit
0,0,dws,dws
3,3,std,std
1,1,jog,jog
3,2,std,sit
3,3,std,std
4,4,ups,ups
3,3,std,std
3,3,std,std
4,4,ups,ups
1,1,jog,jog
3,3,std,std
4,4,ups,ups
0,4,dws,ups
0,0,dws,dws
5,5,wlk,wlk
5,5,wlk,wlk
3,3,std,std
5,5,wlk,wlk
4,4,ups,ups
2,2,sit,sit
2,2,sit,sit
2,2,sit,sit
4,4,ups,ups
5,5,wlk,wlk
1,1,jog,jog
2,2,sit,sit
5,5,wlk,wlk
5,5,wlk,wlk
2,2,sit,sit
4,4,ups,ups
4,4,ups,ups
4,4,ups,ups
2,2,sit,sit
2,2,sit,sit
2,2,sit,sit
1,1,jog,jog
3,3,std,std
0,0,dws,dws
0,0,dws,dws
5,5,wlk,wlk
2,2,sit,sit
5,5,wlk,wlk
2,2,sit,sit
5,5,wlk,wlk
4,4,ups,ups
2,2,sit,sit
1,1,jog,jog
1,1,jog,jog
0,0,dws,dws
1,1,jog,jog
0,0,dws,dws
3,3,std,std
0,0,dws,dws
5,5,wlk,wlk
5,5,wlk,wlk
2,2,sit,sit
2,2,sit,sit
1,1,jog,jog
2,2,sit,sit
5,5,wlk,wlk
4,4,ups,ups
3,3,std,std
5,5,wlk,wlk
3,3,std,std
0,0,dws,dws
5,5,wlk,wlk
0,0,dws,dws
5,5,wlk,wlk
5,5,wlk,wlk
4,4,ups,ups
2,2,sit,sit
3,3,std,std
3,3,std,std
2,2,sit,sit
5,5,wlk,wlk
1,1,jog,jog
2,2,sit,sit
2,2,sit,sit
3,2,std,sit
5,5,wlk,wlk
0,0,dws,dws
0,0,dws,dws
5,5,wlk,wlk
5,5,wlk,wlk
0,0,dws,dws
0,0,dws,dws
5,5,wlk,wlk
2,3,sit,std
3,3,std,std
0,0,dws,dws
5,5,wlk,wlk
2,2,sit,sit
5,5,wlk,wlk
0,0,dws,dws
5,5,wlk,wlk
2,2,sit,sit
0,0,dws,dws
2,2,sit,sit
2,2,sit,sit
3,3,std,std
3,3,std,std
4,4,ups,ups
4,4,ups,ups
4,4,ups,ups
2,2,sit,sit
4,4,ups,ups
5,5,wlk,wlk
5,5,wlk,wlk
2,2,sit,sit
5,5,wlk,wlk
3,3,std,std
1,1,jog,jog
3,3,std,std
2,2,sit,sit
3,2,std,sit
0,0,dws,dws
2,0,sit,dws
2,2,sit,sit
1,1,jog,jog
4,0,ups,dws
3,3,std,std
5,5,wlk,wlk
4,4,ups,ups
2,2,sit,sit
3,3,std,std
5,5,wlk,wlk
1,1,jog,jog
2,2,sit,sit
0,0,dws,dws
3,3,std,std
4,4,ups,ups
5,5,wlk,wlk
2,2,sit,sit
2,2,sit,sit
4,4,ups,ups
5,5,wlk,wlk
3,3,std,std
2,2,sit,sit
2,2,sit,sit
5,5,wlk,wlk
0,0,dws,dws
2,2,sit,sit
3,3,std,std
3,3,std,std
5,5,wlk,wlk
2,2,sit,sit
5,5,wlk,wlk
2,2,sit,sit
2,2,sit,sit
2,2,sit,sit
5,5,wlk,wlk
5,5,wlk,wlk
5,5,wlk,wlk
2,2,sit,sit
1,1,jog,jog
3,3,std,std
5,5,wlk,wlk
5,5,wlk,wlk
2,2,sit,sit
2,2,sit,sit
4,4,ups,ups
3,3,std,std
5,5,wlk,wlk
0,0,dws,dws
3,3,std,std
5,5,wlk,wlk
3,3,std,std
2,2,sit,sit
2,2,sit,sit
3,3,std,std
3,3,std,std
2,3,sit,std
2,2,sit,sit
2,2,sit,sit
3,3,std,std
5,5,wlk,wlk
0,0,dws,dws
0,0,dws,dws
1,1,jog,jog
2,3,sit,std
5,5,wlk,wlk
2,2,sit,sit
5,5,wlk,wlk
2,2,sit,sit
2,2,sit,sit
3,3,std,std
2,2,sit,sit
4,4,ups,ups
5,5,wlk,wlk
0,0,dws,dws
2,2,sit,sit
3,3,std,std
5,5,wlk,wlk
1,1,jog,jog
2,2,sit,sit
2,2,sit,sit
2,2,sit,sit
1,1,jog,jog
5,5,wlk,wlk
3,3,std,std
2,2,sit,sit
5,5,wlk,wlk
5,5,wlk,wlk
5,5,wlk,wlk
3,3,std,std
2,2,sit,sit
5,5,wlk,wlk
3,3,std,std
0,0,dws,dws
2,2,sit,sit
4,4,ups,ups
3,3,std,std
5,5,wlk,wlk
3,3,std,std
3,3,std,std
2,2,sit,sit
3,3,std,std
3,3,std,std
5,5,wlk,wlk
4,4,ups,ups
4,4,ups,ups
3,3,std,std
0,0,dws,dws
3,3,std,std
1,1,jog,jog
0,5,dws,wlk
4,4,ups,ups
4,5,ups,wlk
2,2,sit,sit
5,5,wlk,wlk
1,1,jog,jog
1,1,jog,jog
1,1,jog,jog
5,5,wlk,wlk
3,3,std,std
5,5,wlk,wlk
1,1,jog,jog
2,2,sit,sit
5,5,wlk,wlk
3,3,std,std
3,3,std,std
1,1,jog,jog
0,0,dws,dws
0,0,dws,dws
3,2,std,sit
4,0,ups,dws
5,5,wlk,wlk
2,2,sit,sit
2,2,sit,sit
3,3,std,std
2,2,sit,sit
2,2,sit,sit
1,1,jog,jog
3,3,std,std
2,2,sit,sit
5,5,wlk,wlk
5,5,wlk,wlk
3,3,std,std
0,0,dws,dws
2,2,sit,sit
5,5,wlk,wlk
5,5,wlk,wlk
4,4,ups,ups
1,1,jog,jog
3,3,std,std
5,5,wlk,wlk
1,1,jog,jog
5,5,wlk,wlk
1,1,jog,jog
0,0,dws,dws
5,5,wlk,wlk
1,1,jog,jog
3,3,std,std
5,4,wlk,ups
2,2,sit,sit
3,3,std,std
3,3,std,std
2,2,sit,sit
2,2,sit,sit
0,0,dws,dws
3,3,std,std
5,5,wlk,wlk
5,5,wlk,wlk
4,4,ups,ups
0,0,dws,dws
5,5,wlk,wlk
2,2,sit,sit
5,5,wlk,wlk
3,3,std,std
5,5,wlk,wlk
3,3,std,std
4,4,ups,ups
1,1,jog,jog
3,3,std,std
5,5,wlk,wlk
5,5,wlk,wlk
2,2,sit,sit
4,0,ups,dws
3,3,std,std
5,5,wlk,wlk
4,4,ups,ups
5,5,wlk,wlk
0,0,dws,dws
3,3,std,std
5,5,wlk,wlk
2,2,sit,sit
4,4,ups,ups
4,4,ups,ups
3,3,std,std
2,3,sit,std
4,4,ups,ups
2,2,sit,sit
4,4,ups,ups
1,1,jog,jog
0,0,dws,dws
3,3,std,std
5,5,wlk,wlk
3,3,std,std
3,3,std,std
5,5,wlk,wlk
1,1,jog,jog
4,4,ups,ups
2,2,sit,sit
5,5,wlk,wlk
5,5,wlk,wlk
5,5,wlk,wlk
3,3,std,std
1,1,jog,jog
5,5,wlk,wlk
5,5,wlk,wlk
5,5,wlk,wlk
3,3,std,std
0,0,dws,dws
3,3,std,std
0,0,dws,dws
5,5,wlk,wlk
5,5,wlk,wlk
5,5,wlk,wlk
3,3,std,std
2,2,sit,sit
2,2,sit,sit
4,4,ups,ups
2,2,sit,sit
0,0,dws,dws
1,1,jog,jog
5,5,wlk,wlk
2,2,sit,sit
3,3,std,std
4,4,ups,ups
5,5,wlk,wlk
2,2,sit,sit
1,1,jog,jog
2,2,sit,sit
4,0,ups,dws
2,2,sit,sit
2,2,sit,sit
4,4,ups,ups
5,5,wlk,wlk
3,3,std,std
2,2,sit,sit
3,3,std,std
2,2,sit,sit
5,5,wlk,wlk
3,3,std,std
5,5,wlk,wlk
5,5,wlk,wlk
2,2,sit,sit
2,2,sit,sit
4,4,ups,ups
3,3,std,std
3,3,std,std
5,5,wlk,wlk
3,3,std,std
5,5,wlk,wlk
2,2,sit,sit
4,4,ups,ups
4,4,ups,ups
3,3,std,std
4,5,ups,wlk
2,2,sit,sit
5,5,wlk,wlk
3,3,std,std
1,1,jog,jog
5,5,wlk,wlk
5,5,wlk,wlk
5,5,wlk,wlk
2,2,sit,sit
5,5,wlk,wlk
3,2,std,sit
5,5,wlk,wlk
3,3,std,std
4,4,ups,ups
3,3,std,std
2,2,sit,sit
5,5,wlk,wlk
2,2,sit,sit
1,1,jog,jog
3,2,std,sit
5,5,wlk,wlk
2,2,sit,sit
2,2,sit,sit
2,2,sit,sit
3,3,std,std
5,4,wlk,ups
1,1,jog,jog
4,4,ups,ups
2,2,sit,sit
1,1,jog,jog
2,2,sit,sit
0,0,dws,dws
4,4,ups,ups
3,3,std,std
1,1,jog,jog
5,5,wlk,wlk
5,5,wlk,wlk
5,5,wlk,wlk
2,2,sit,sit
4,4,ups,ups
5,5,wlk,wlk
5,5,wlk,wlk
4,4,ups,ups
1,1,jog,jog
3,3,std,std
3,3,std,std
5,5,wlk,wlk
4,4,ups,ups
5,5,wlk,wlk
5,5,wlk,wlk
3,3,std,std
2,2,sit,sit
3,3,std,std
5,5,wlk,wlk
2,2,sit,sit
2,2,sit,sit
5,5,wlk,wlk
2,2,sit,sit
5,5,wlk,wlk
2,2,sit,sit
5,5,wlk,wlk
5,5,wlk,wlk
4,4,ups,ups
5,5,wlk,wlk
3,3,std,std
1,1,jog,jog
0,0,dws,dws
5,5,wlk,wlk
2,2,sit,sit
4,0,ups,dws
2,2,sit,sit
5,5,wlk,wlk
3,2,std,sit
2,2,sit,sit
2,2,sit,sit
1,0,jog,dws
5,5,wlk,wlk
1,1,jog,jog
3,2,std,sit
3,3,std,std
0,0,dws,dws
0,0,dws,dws
3,3,std,std
5,5,wlk,wlk
3,3,std,std
4,0,ups,dws
5,5,wlk,wlk
2,2,sit,sit
1,1,jog,jog
3,3,std,std
5,5,wlk,wlk
2,2,sit,sit
2,2,sit,sit
0,0,dws,dws
3,2,std,sit
5,5,wlk,wlk
0,0,dws,dws
5,5,wlk,wlk
3,3,std,std
2,2,sit,sit
3,2,std,sit
4,4,ups,ups
0,0,dws,dws
0,0,dws,dws
5,5,wlk,wlk
4,4,ups,ups
2,2,sit,sit
5,5,wlk,wlk
2,2,sit,sit
4,4,ups,ups
3,3,std,std
5,5,wlk,wlk
2,2,sit,sit
2,2,sit,sit
3,3,std,std
0,0,dws,dws
2,2,sit,sit
1,1,jog,jog
3,3,std,std
3,3,std,std
3,3,std,std
4,4,ups,ups
2,2,sit,sit
3,3,std,std
1,1,jog,jog
0,0,dws,dws
2,2,sit,sit
2,2,sit,sit
1,1,jog,jog
2,2,sit,sit
2,2,sit,sit
0,0,dws,dws
2,2,sit,sit
5,5,wlk,wlk
2,2,sit,sit
5,5,wlk,wlk
5,5,wlk,wlk
5,0,wlk,dws
2,2,sit,sit
2,2,sit,sit
0,0,dws,dws
0,1,dws,jog
3,3,std,std
0,0,dws,dws
5,5,wlk,wlk
5,5,wlk,wlk
1,1,jog,jog
5,5,wlk,wlk
1,1,jog,jog
5,5,wlk,wlk
0,4,dws,ups
5,5,wlk,wlk
4,4,ups,ups
3,3,std,std
3,3,std,std
0,0,dws,dws
3,3,std,std
5,5,wlk,wlk
4,4,ups,ups
5,5,wlk,wlk
5,5,wlk,wlk
2,2,sit,sit
3,3,std,std
3,3,std,std
2,2,sit,sit
3,3,std,std
3,3,std,std
3,3,std,std
3,3,std,std
0,0,dws,dws
4,4,ups,ups
1,1,jog,jog
5,5,wlk,wlk
5,5,wlk,wlk
4,5,ups,wlk
3,3,std,std
4,0,ups,dws
5,5,wlk,wlk
5,5,wlk,wlk
5,5,wlk,wlk
3,2,std,sit
5,5,wlk,wlk
0,4,dws,ups
0,0,dws,dws
2,2,sit,sit
2,2,sit,sit
2,2,sit,sit
2,2,sit,sit
2,2,sit,sit
5,5,wlk,wlk
3,3,std,std
4,4,ups,ups
4,5,ups,wlk
3,3,std,std
4,4,ups,ups
5,5,wlk,wlk
2,2,sit,sit
5,5,wlk,wlk
4,0,ups,dws
0,5,dws,wlk
3,3,std,std
2,2,sit,sit
5,5,wlk,wlk
4,4,ups,ups
4,4,ups,ups
0,0,dws,dws
4,4,ups,ups
5,0,wlk,dws
2,2,sit,sit
3,3,std,std
2,2,sit,sit
2,2,sit,sit
4,5,ups,wlk
2,2,sit,sit
2,2,sit,sit
4,4,ups,ups
4,4,ups,ups
3,3,std,std
5,5,wlk,wlk
1,1,jog,jog
5,5,wlk,wlk
4,4,ups,ups
2,2,sit,sit
5,5,wlk,wlk
4,4,ups,ups
3,3,std,std
3,3,std,std
1,1,jog,jog
1,1,jog,jog
2,2,sit,sit
4,4,ups,ups
2,2,sit,sit
3,3,std,std
5,5,wlk,wlk
5,5,wlk,wlk
0,0,dws,dws
3,3,std,std
5,5,wlk,wlk
3,3,std,std
4,4,ups,ups
3,3,std,std
0,4,dws,ups
3,3,std,std
2,2,sit,sit
0,0,dws,dws
5,5,wlk,wlk
3,3,std,std
3,3,std,std
2,2,sit,sit
3,3,std,std
1,1,jog,jog
5,5,wlk,wlk
3,3,std,std
0,0,dws,dws
1,1,jog,jog
2,2,sit,sit
2,2,sit,sit
3,2,std,sit
3,3,std,std
0,0,dws,dws
3,2,std,sit
3,3,std,std
3,3,std,std
3,3,std,std
0,0,dws,dws
0,0,dws,dws
2,2,sit,sit
5,5,wlk,wlk
5,5,wlk,wlk
2,2,sit,sit
3,2,std,sit
5,5,wlk,wlk
3,3,std,std
1,1,jog,jog
2,2,sit,sit
3,3,std,std
3,3,std,std
3,3,std,std
2,2,sit,sit
5,5,wlk,wlk
4,4,ups,ups
5,5,wlk,wlk
4,4,ups,ups
2,2,sit,sit
1,1,jog,jog
5,5,wlk,wlk
5,5,wlk,wlk
2,2,sit,sit
3,3,std,std
2,2,sit,sit
5,5,wlk,wlk
2,2,sit,sit
1,1,jog,jog
5,5,wlk,wlk
5,5,wlk,wlk
3,3,std,std
2,2,sit,sit
4,4,ups,ups
0,0,dws,dws
5,5,wlk,wlk
3,3,std,std
5,5,wlk,wlk
